4 0.5245535714285714 0.27455357142857145 0.05803571428571429 0.125
4 0.78125 0.3125 0.03571428571428571 0.10714285714285714
4 0.390625 0.24107142857142858 0.03125 0.08928571428571429
4 0.25223214285714285 0.21205357142857142 0.026785714285714284 0.11607142857142858
4 0.625 0.32589285714285715 0.05357142857142857 0.13392857142857142
4 0.36160714285714285 0.24553571428571427 0.04017857142857143 0.125
4 0.33035714285714285 0.22321428571428573 0.04017857142857143 0.10267857142857142
4 0.17857142857142858 0.3950892857142857 0.06696428571428571 0.19642857142857142
4 0.45089285714285715 0.24330357142857142 0.03571428571428571 0.10714285714285714
4 0.75 0.3549107142857143 0.03571428571428571 0.13392857142857142
4 0.6852678571428571 0.34151785714285715 0.049107142857142856 0.12946428571428573