4 0.421875 0.921875 0.11607142857142858 0.04017857142857143
4 0.4799107142857143 0.12723214285714285 0.39285714285714285 0.16071428571428573
4 0.36607142857142855 0.22321428571428573 0.10714285714285714 0.06696428571428571
4 0.38839285714285715 0.31473214285714285 0.10714285714285714 0.044642857142857144
4 0.41517857142857145 0.3549107142857143 0.13392857142857142 0.044642857142857144
4 0.4107142857142857 0.3861607142857143 0.10714285714285714 0.03571428571428571
4 0.4419642857142857 0.5401785714285714 0.14732142857142858 0.08928571428571429
4 0.5401785714285714 0.75 0.13392857142857142 0.05357142857142857
4 0.5245535714285714 0.6607142857142857 0.14285714285714285 0.026785714285714284
4 0.5558035714285714 0.8325892857142857 0.14285714285714285 0.04017857142857143
4 0.5044642857142857 0.8638392857142857 0.10714285714285714 0.044642857142857144
4 0.421875 0.45535714285714285 0.11607142857142858 0.044642857142857144