4 0.47544642857142855 0.27455357142857145 0.05803571428571429 0.125
4 0.21875 0.3125 0.03571428571428571 0.10714285714285714
4 0.609375 0.24107142857142858 0.03125 0.08928571428571429
4 0.7477678571428571 0.21205357142857142 0.026785714285714284 0.11607142857142858
4 0.375 0.32589285714285715 0.05357142857142857 0.13392857142857142
4 0.6383928571428571 0.24553571428571427 0.03571428571428571 0.125
4 0.6696428571428571 0.22321428571428573 0.04017857142857143 0.10267857142857142
4 0.8214285714285714 0.3950892857142857 0.06696428571428571 0.19642857142857142
4 0.5491071428571429 0.24330357142857142 0.03571428571428571 0.10714285714285714
4 0.25 0.3549107142857143 0.04017857142857143 0.13392857142857142
4 0.31473214285714285 0.34151785714285715 0.049107142857142856 0.12946428571428573