4 0.921875 0.578125 0.04017857142857143 0.11607142857142858
4 0.12723214285714285 0.5200892857142857 0.16071428571428573 0.39285714285714285
4 0.22321428571428573 0.6339285714285714 0.06696428571428571 0.10714285714285714
4 0.31473214285714285 0.6116071428571429 0.044642857142857144 0.10714285714285714
4 0.3549107142857143 0.5848214285714286 0.044642857142857144 0.13392857142857142
4 0.3861607142857143 0.5892857142857143 0.03571428571428571 0.10714285714285714
4 0.5401785714285714 0.5580357142857143 0.08928571428571429 0.14732142857142858
4 0.75 0.45982142857142855 0.05357142857142857 0.13839285714285715
4 0.6607142857142857 0.47544642857142855 0.026785714285714284 0.14285714285714285
4 0.8325892857142857 0.44419642857142855 0.04017857142857143 0.14285714285714285
4 0.8638392857142857 0.4955357142857143 0.044642857142857144 0.10714285714285714
4 0.45535714285714285 0.578125 0.044642857142857144 0.11607142857142858