4 0.5245535714285714 0.7254464285714286 0.05803571428571429 0.125
4 0.78125 0.6875 0.03571428571428571 0.10714285714285714
4 0.390625 0.7589285714285714 0.03125 0.08928571428571429
4 0.25223214285714285 0.7879464285714286 0.026785714285714284 0.11607142857142858
4 0.625 0.6741071428571429 0.05357142857142857 0.13392857142857142
4 0.36160714285714285 0.7544642857142857 0.04017857142857143 0.125
4 0.33035714285714285 0.7767857142857143 0.04017857142857143 0.10267857142857142
4 0.17857142857142858 0.6049107142857143 0.06696428571428571 0.19196428571428573
4 0.45089285714285715 0.7566964285714286 0.03571428571428571 0.10714285714285714
4 0.75 0.6450892857142857 0.03571428571428571 0.13392857142857142
4 0.6852678571428571 0.6584821428571429 0.049107142857142856 0.12946428571428573